 u inicial =   0.31000000000000000     
 dx =    2.0000000000000000E-002 , dy =    2.0000000000000000E-002 , dz =    2.0000000000000000E-002
 nx =           25 ny =           25 nz =           25
 dt =    1.0000000000000000E-003 ts =         1000 duração da sim =  0.64192708333333337     
 amp =   0.50000000000000000      comp =   0.50000000000000000     
 elev =            1
